0.00962643
1.79148
9.39455
4.13966
5.3037
9.3198
7.86488
5.0036
5.53458
9.67226
1.70756
8.88214
2.08738
2.5237
5.75781
1.53124
5.51374
9.46877
1.60125
2.21595
3.50775
4.73044
4.44127
4.43689
0.785275
8.1224
3.11682
4.32032
1.67921
2.46443
9.69462
7.50359
2.81718
8.38135
5.38072
3.7281
8.14544
0.384898
8.97598
9.36656
3.85783
8.53685
8.87229
6.62768
1.36785
9.40364
6.9107
8.18977
5.43326
6.78603
2.78858
7.61007
2.46255
8.13541
1.89592
4.80386
8.41638
4.11723
8.32597
4.49412
2.7233
0.563161
5.03912
2.41052
3.5698
7.59132
7.35774
1.60146
5.75003
0.711363
5.86973
2.49484
0.810614
3.99545
1.58929
1.26836
7.40534
1.6033
6.66254
7.35159
8.21528
4.19941
9.51727
6.80002
7.94397
4.3384
5.55615
2.25676
9.33319
2.94382
6.8297
6.77585
1.74876
1.32665
7.06971
0.557319
6.85935
5.05809
1.26024
0.935377
